2.886489611338374228e+00 -1.936554961046880408e+01
-2.675932703136676594e+01 -4.736428582969668355e+01
-5.137090694428579951e+01 4.943593369168914364e+01
8.018099477067454472e+01 2.182081832818110101e+01
-6.062037613368509881e+00 2.568804686294953044e+01
5.769576173709286593e+01 -4.713214801471952153e-01
1.910860858681905228e+01 5.344509380944032273e+01
1.199167616888092169e+01 5.767797675369683219e+01
5.783853930370595720e+01 -7.458810594690187656e+01
-2.703457329783207186e+01 2.989311351637714509e+01
1.663052800755156113e+01 1.473847900322872029e+01
1.959620159332102673e+01 1.359254159244276039e+01
6.194859081471259543e+01 -3.408384097372911015e+01
3.074420721611484097e+01 -6.649307130733987492e+01
-1.891504194762562818e+01 -9.269005795931231262e+01
1.350204468555490855e+01 5.824841115827279481e+01
3.675995569724882728e+01 8.847781256029824704e+01
7.526153473629177881e+01 -1.422987062354342847e+01
8.599301778671485863e+01 -2.009273051757247330e+01
-2.832243564429784755e+00 -6.624940358148616149e+00
1.798351298282876209e+00 -3.327774316336114424e+01
3.174716287785449342e+00 -8.453513445897634426e+01
-2.020499744183502244e+01 3.684217548074457937e+01
-8.699711751007914984e+01 -2.683973716741827786e+01
-4.606468101340297494e+01 -6.898496309837111085e+01
8.735566558356790523e+00 1.471795466932933838e+00
2.398477192321740148e+01 2.813322823412258700e+01
1.065544237800607448e+02 4.544025143845588843e+01
8.484088199296166977e+01 -4.179374451747563057e+01
-4.272094566274757454e+01 -6.346100822518224049e+01
-1.680639804896963696e+01 -9.427184658422362418e+01
-1.625023219730603330e+01 6.944159971999505387e+01
2.485512995039869821e+01 5.343998125006553579e+01
-1.106815981229623702e+02 3.898242940826471425e+01
5.364333564382861574e-01 4.626309267334907815e+01
4.263185323309886599e+01 -1.350648062684821937e+01
-2.821489204809966722e+01 -1.201622520448680120e+02
-1.194079388131548995e+02 8.202475597730453671e+01
2.799900579469264272e+01 9.972955723271091699e+00
2.464112425156256947e+01 2.707220625600076858e+01
6.658033015529969134e+01 2.135028747076895606e+00
2.554282010844099204e+01 2.695336516312788433e+01
-7.913254157328877625e+01 -1.029032814702014775e+01
-2.310509787362659395e+01 7.781221907728726705e+01
7.181348637078328601e-01 6.012842772560471616e+00
6.349720134920361403e+01 -2.557432997798015961e+01
8.986720613664176938e+01 -2.413173453802978585e+01
-3.428656513414825469e+01 1.283412016781149418e+02
2.879703447359402801e+01 2.307997387945718515e+00
-7.480821459195753675e+01 1.334971226456849180e+01
8.937812479854333958e+01 -3.923681697463255347e+01
3.843976334350901425e+01 6.519841502817186552e+01
1.192374395819027768e+02 -9.034470548410253343e+01
-4.976442849427289872e+01 -2.953984539215028349e+01
-1.762009613214330628e+01 -2.936936139349607444e+01
-1.051685369646956758e+02 4.269190175457686109e+01
-4.067951687654094428e+01 -8.039887697629023933e+01
-2.567183240822335932e+01 -2.400588310106099499e+01
-8.135234098322751350e+00 2.424360780962575035e+01
-4.057212286385541233e+01 -2.795754936816960523e+01
8.556073036741972615e+00 -2.370787527884626655e+01
1.136335912234276577e+02 -4.855659831113128888e+01
-1.707565691827170440e+01 2.966644958154721579e+01
-8.609896745438466326e+01 -1.463303361869007624e+01
6.183636790537357797e+01 -4.225668147676737707e-01
-2.871032057352180544e+01 8.040764305931968181e+01
4.334121467997772470e+01 -5.006561655697115754e+01
-1.761793925088574397e+01 -8.440992869527774189e+01
1.387830110080035695e+02 5.263980863198008819e+01
1.023927993211816201e+01 -5.281613044237722931e+00
-6.613323401617734021e+01 -3.703342869566716189e+01
9.784233170921881495e+00 1.922568328113711900e+01
-6.066692949402856527e+00 -1.076491991388612135e+01
-2.649659643287976252e+01 1.178706952335669200e+01
2.895105413360201396e+01 1.119658810885341182e+02
-1.198494397597608341e+00 9.712854882696065673e+00
3.261747414413322588e+01 -3.882135850009355948e+01
-3.264249004269954924e+01 -2.377304641653412887e+01
3.151760850959787064e+01 -1.615940505768432800e+01
2.218753328532342550e+01 -1.794018359516075733e+01
-1.965258331110540979e+01 2.811065284427996858e+01
2.307453796106949895e+01 -1.112805680572325784e+01
-7.774360077841537020e+01 7.045263770972719897e+01
-3.780319698595020839e+01 -3.809288559411005792e+01
6.556432867616049975e+01 -7.462735558174051320e+00
-1.316033681905141961e+01 1.660203260859927354e+01
-2.165874491040401395e+01 5.548102294401362400e+01
-5.771774313596542783e+01 -6.443670193560528947e-01
-5.024385570656867372e+01 -1.649889240100721111e+01
-5.440870250192011426e-01 -1.536648428801017019e+01
9.775717480065247855e+01 -3.234219606019339466e+01
3.797286668251759778e+01 -5.266451056080321536e+01
-1.330249432783652708e+01 -5.905436279685510215e+01
3.178017962589549583e+01 3.469351319647469722e+01
2.429421136874196208e+01 -3.011866878780319112e+00
4.493871200698850288e+01 -3.949749202102240453e+00
-9.773898568273706644e+01 2.094975547031235408e+01
2.206397459689605611e+01 -1.161004525280804955e+02
-4.092513744543760268e+00 5.706919088601880219e+01
-5.528813408721763523e+01 -2.889524244867082814e+01
