-5.418700358667015715e-01 -3.438129801107058459e+00
-3.299525292492940132e+00 8.659707114307008124e-01
8.183672712430325458e-01 -3.737649999503695475e-01
-2.271311479710637293e+00 5.873507729056051119e-01
-6.508453610729435512e-01 -5.843031152943438666e-01
-1.172485601369100072e+00 2.949945205048469354e+00
-1.478006638806699913e+00 2.376883225823176460e+00
9.014533387903331807e-01 4.215709611814331126e+00
2.857009257710791061e+00 1.989623670992354043e+00
6.736824315730700619e+00 6.795336721214877862e+00
4.752214229982463678e+00 6.718725774363631942e+00
8.478962874469727851e+00 9.133203948837920194e+00
1.042077971735207420e+01 1.308649288323183058e+01
1.161198994140606899e+01 1.180183940524053554e+01
1.443843575356814668e+01 1.351926211181669046e+01
1.712205222733345522e+01 1.214866524694033068e+01
2.283988456608131656e+01 1.093729683337319791e+01
2.213739612050306960e+01 1.704821932081966906e+01
2.999539054894207624e+01 1.367358594060127785e+01
3.465164241431099867e+01 1.676725591135268445e+01
3.880072432368024948e+01 1.553095466186082696e+01
4.346227755193735476e+01 1.683794931331495448e+01
4.871046008216443113e+01 1.717305759141055788e+01
5.053438222308996330e+01 1.559206171131434182e+01
5.555156939022006668e+01 1.568080997477984617e+01
5.911596271927252388e+01 1.814580903061781569e+01
6.562162187532861424e+01 1.366567266669791891e+01
6.749539859955315535e+01 1.390535490350313808e+01
7.297876879183723986e+01 1.486190111048584761e+01
7.812749153182545570e+01 1.780702252881665260e+01
8.373609445937117357e+01 1.439888693965094468e+01
8.968547975820666807e+01 1.279353876792780653e+01
9.269580190595397085e+01 1.245030910026448012e+01
9.771313255963946176e+01 1.037926791296202467e+01
1.008881289468444891e+02 7.717844327396200299e+00
1.102851373853799259e+02 1.316668586048004741e+01
1.138657908027472416e+02 1.058887886138636603e+01
1.174530307826083373e+02 1.001233106944266815e+01
1.200574349432638996e+02 9.695670677012042660e+00
1.248536044737410293e+02 1.008025195311654798e+01
1.283120057571994437e+02 9.945380372276142467e+00
1.328113702820584479e+02 1.238700288868717792e+01
1.387507746545948919e+02 1.076162050539582360e+01
1.391274182826692822e+02 8.227825409396290368e+00
1.456032026030803763e+02 1.229379347847167381e+01
1.495012876669188984e+02 1.031803688939237595e+01
1.521423167768533631e+02 1.513974687079458548e+01
1.606003680609190383e+02 1.648237034953266544e+01
1.638422382525866396e+02 1.867553083160060723e+01
1.692305917909124275e+02 2.119856358897719062e+01
1.762807085114696974e+02 2.015742437657700137e+01
1.791894420843527485e+02 2.478985532869347708e+01
1.887238122017215289e+02 2.661256450539956120e+01
1.950943680805845020e+02 2.899850800359780578e+01
2.016296355149165720e+02 3.146641606142198455e+01
2.098631451536122654e+02 3.235580283291942294e+01
2.139451724307585607e+02 3.174662917276240393e+01
2.191057537058739797e+02 3.754901006148885756e+01
2.226640598261482182e+02 3.371522900944462009e+01
2.272445991438127635e+02 3.324619057050983173e+01
2.345727821773459709e+02 3.562767060890333681e+01
2.384847759650958778e+02 3.240392721583000935e+01
2.445664690929671963e+02 3.945244068625262202e+01
2.477210582181988059e+02 3.645726137733391425e+01
2.539944056453293513e+02 3.901100434978481957e+01
2.595425336558745926e+02 3.738463751986078165e+01
2.618754653066338847e+02 3.953338515314371904e+01
2.704613607467674683e+02 3.803802125861283656e+01
2.764584464711828673e+02 4.037365522844703492e+01
2.808115487441150435e+02 3.565610493785330704e+01
2.918769583020327900e+02 3.969528625428166180e+01
2.963842468117139788e+02 4.137997962626997150e+01
3.029160497190670185e+02 3.622700862796146737e+01
3.090139605992464453e+02 3.830158031370150695e+01
3.125926998691168137e+02 4.254248381364746479e+01
3.225494630216924179e+02 4.147869884776194027e+01
3.282676814585482248e+02 4.410726392070443325e+01
3.365519460980629560e+02 4.556035206817846017e+01
3.390616017702488989e+02 4.476302159322741403e+01
3.503067882895147136e+02 4.254130110300192058e+01
3.578100601314798723e+02 4.541457812550009265e+01
3.640114306381320830e+02 4.430526765943169210e+01
3.692986417324003128e+02 4.823796107760514218e+01
3.773612722745295400e+02 4.842436106416736408e+01
3.820650496395003302e+02 4.929000064745538623e+01
3.896470399132294347e+02 5.002735562873735375e+01
3.959727056648740131e+02 5.218658763148012980e+01
4.034667742303914224e+02 5.852914807951933795e+01
4.066483306252863485e+02 5.706555194944028386e+01
4.123064529671402738e+02 5.728218750456893815e+01
4.171337280485973906e+02 6.102810182304571640e+01
4.250339805599448937e+02 5.991929187996889539e+01
4.287002000989668318e+02 6.064007468346135710e+01
4.367846307735405276e+02 6.048113479828976580e+01
4.435590514347916837e+02 6.226784725646434993e+01
4.490026574038245144e+02 6.063000850856435875e+01
4.600778815286483336e+02 6.259616237213293033e+01
4.660762631631090471e+02 6.082308179276671467e+01
4.741403529439533600e+02 6.382714732923392376e+01
4.771271897549784171e+02 6.332500766531516945e+01
