0.000000000000000000e+00 0.000000000000000000e+00 1.000000000000000056e-01 1.000000000000000056e-01
-1.152713388640327491e-01 -2.048358614086693008e-01 -2.405426777280655237e+00 -4.196717228173385550e+00
-6.089020430878540058e-01 -3.783119073082337191e-01 -7.467187307195770174e+00 7.271963101820961839e-01
-8.905299841440349473e-01 -1.696269374420951159e-01 1.834628486072151787e+00 3.446503087140675881e+00
-7.197397255695646701e-01 3.150259644271993786e-01 1.581176685417255534e+00 6.246554950245213789e+00
-2.629167102723453664e-01 9.559199665760287346e-01 7.555283620527129429e+00 6.571325092731370887e+00
5.895285661858549187e-01 1.886184950175157082e+00 9.493621908636875162e+00 1.203397457925118985e+01
1.612639344489755100e+00 3.368435035382643772e+00 1.096859365744112758e+01 1.761102712489853772e+01
2.993746739197774343e+00 4.753226876326935191e+00 1.665355423671924839e+01 1.008480969398728888e+01
4.525209899564827332e+00 5.934837929723425276e+00 1.397570897062181317e+01 1.354741137394251815e+01
6.006561881009959691e+00 7.364819807981597855e+00 1.565133065828082159e+01 1.505222619122093164e+01
7.690328036603338191e+00 8.949618656666793015e+00 1.802399245358674662e+01 1.664375078248298578e+01
9.817289449744063035e+00 1.044027186705528010e+01 2.451523580922773249e+01 1.316931342528676652e+01
1.241356869552716269e+01 1.143576344659492605e+01 2.741034910643427835e+01 6.740518165506186321e+00
1.508055757463311863e+01 1.164518591933379277e+01 2.592942847568482634e+01 -2.552068710728856438e+00
1.774805202835737461e+01 1.170326493687145764e+01 2.742046059880030384e+01 3.713649061482139579e+00
2.067310787137919448e+01 1.257893753782661683e+01 3.108065626163605799e+01 1.379980295762107012e+01
2.416566520884997615e+01 1.387670015449486982e+01 3.877049048777950446e+01 1.215544937574396478e+01
2.848144979164611001e+01 1.499812033197987304e+01 4.754520116814315855e+01 1.027295417395610855e+01
3.322728003393643803e+01 1.598609438377514813e+01 4.737140367766338755e+01 9.486526861949430511e+00
3.799220253346975795e+01 1.678655935250913345e+01 4.792704631300312457e+01 6.522772512730258043e+00
4.285001011418901840e+01 1.701765070119818191e+01 4.922910530138220508e+01 -1.900945538949257996e+00
4.766935268097431333e+01 1.702979233283718230e+01 4.715774603432356571e+01 2.143778171729330051e+00
5.195448926158959324e+01 1.711745572256346293e+01 3.854498557798200409e+01 -3.905103772037771259e-01
5.562822552130933218e+01 1.674563550021475677e+01 3.492973961641284575e+01 -7.045894069770399781e+00
5.917379064350146223e+01 1.606443492004888185e+01 3.598156282742968415e+01 -6.578117533547127138e+00
6.292026036751553875e+01 1.555575023922235012e+01 3.894783165285178228e+01 -3.595576082983507504e+00
6.736574267263900140e+01 1.541635262723882782e+01 4.996181444961766260e+01 8.076238433130662475e-01
7.280043172647948779e+01 1.530025519463054451e+01 5.873196662719210792e+01 -3.129572495478718075e+00
7.845346182367070753e+01 1.466208241130139633e+01 5.432863531663227974e+01 -9.633883171104258736e+00
8.380811451981573157e+01 1.323373019434389875e+01 5.276441860626811575e+01 -1.893316116804570370e+01
8.900402794507334647e+01 1.168015938652723840e+01 5.115384989888406864e+01 -1.213825498828752103e+01
9.423522370473753540e+01 1.074431061060084502e+01 5.347006529439956779e+01 -6.578720530240359743e+00
9.902753819593625906e+01 1.028357257103326816e+01 4.237622452957500485e+01 -2.636040261111169514e+00
1.032630417844830220e+02 1.025086865336301756e+01 4.233384724136022470e+01 1.981961907706145887e+00
1.077252455455838316e+02 1.038263671194441606e+01 4.691022798065610289e+01 6.533992639218217935e-01
1.123098551421321076e+02 9.848023759501137064e+00 4.478196395030933274e+01 -1.134565831278739623e+01
1.162339261699796396e+02 9.130909662645327884e+00 3.369945660664107834e+01 -2.996623624328754953e+00
1.197601762415999787e+02 8.900557075768192661e+00 3.682554482576562549e+01 -1.610428113213906665e+00
1.235665884027327195e+02 8.910770955408628069e+00 3.930269839688929068e+01 1.814705706022613940e+00
1.278237626975306540e+02 9.105866052550968703e+00 4.584078749906949213e+01 2.087196236824194973e+00
1.325469392883776436e+02 9.441095881138924284e+00 4.862274431787101037e+01 4.617400334934917971e+00
1.370169773097665598e+02 9.849696621686826248e+00 4.077801610990692183e+01 3.554614476023141290e+00
1.409968774106444585e+02 1.061544127120077796e+01 3.881998590765148549e+01 1.176027851425587833e+01
1.448874511821193209e+02 1.184759565087163935e+01 3.899148952184638972e+01 1.288280907916135654e+01
1.491227297847812849e+02 1.304240627552957577e+01 4.571408253139298949e+01 1.101340341399739131e+01
1.541574303623932281e+02 1.402973107356543458e+01 5.497992902084553890e+01 8.733092546719802840e+00
1.594847777997808009e+02 1.554018916213978407e+01 5.156701972690618874e+01 2.147606922476719049e+01
1.647951525577386462e+02 1.772637281665719300e+01 5.464047543225100156e+01 2.224760386558100578e+01
1.699141547315713865e+02 2.003012974327339535e+01 4.773956804440372537e+01 2.382753466674303411e+01
1.751558465169945578e+02 2.225306622170587900e+01 5.709426766406012632e+01 2.063119490190667449e+01
1.810582028823614564e+02 2.465394659837986069e+01 6.095285964327820238e+01 2.738641263157294503e+01
1.877639027521745163e+02 2.694228408711790834e+01 7.316113775298363464e+01 1.838033714318800094e+01
1.948307275107036958e+02 2.864564869270055780e+01 6.817535741760003987e+01 1.568695496846494564e+01
2.015750464063863774e+02 3.006838244937894800e+01 6.671102049605384821e+01 1.276772016510284757e+01
2.077321968457989669e+02 3.157061157678220553e+01 5.643198829219799251e+01 1.727686238296228183e+01
2.131746413685101516e+02 3.290950942770090393e+01 5.241690216202561459e+01 9.501094635411604372e+00
2.182951727242680988e+02 3.374806209528262713e+01 4.999372495313309628e+01 7.269958716222862272e+00
2.232499735769424092e+02 3.462210683710942760e+01 4.910229210035354441e+01 1.021093612031311082e+01
2.279607248227521552e+02 3.549889491735559943e+01 4.511273281584072237e+01 7.324825484610317794e+00
2.325163964213796532e+02 3.611121327817677695e+01 4.600069915670925980e+01 4.921541731813306342e+00
2.377211930900279526e+02 3.636160303843375630e+01 5.809523421625630135e+01 8.625347332617060159e-02
2.434451745182686864e+02 3.654615990432895956e+01 5.638439434855851573e+01 3.604883844577766450e+00
2.486705882022738763e+02 3.682805694297912424e+01 4.812387933154576558e+01 2.033056928425668985e+00
2.537900659726128936e+02 3.704648763804301836e+01 5.426567607523448800e+01 2.335556972852166790e+00
2.590934237749842168e+02 3.769282428784263317e+01 5.180147997219291511e+01 1.059117602314005957e+01
2.645007574939268693e+02 3.851119012167151823e+01 5.634519440665963685e+01 5.776140653437653150e+00
2.700538498120414488e+02 3.868760015578317990e+01 5.471665195563252126e+01 -2.247939971204443665e+00
2.762422101925149605e+02 3.872191938407826228e+01 6.905055565383688077e+01 2.934324537106077990e+00
2.832081506509060205e+02 3.899821980679782740e+01 7.026825351398495911e+01 2.591683917285269700e+00
2.899090400219220669e+02 3.908175356820755297e+01 6.374953390633604755e+01 -9.210086890907180912e-01
2.963463061922382167e+02 3.909593696555931075e+01 6.499578949998711153e+01 1.204676636125836309e+00
3.028303370368036553e+02 3.915526647720925979e+01 6.468482739132132053e+01 -1.808640312695694585e-02
3.091661556657695087e+02 3.922724627800724306e+01 6.203154518799514250e+01 1.457682419086663517e+00
3.155045462310968105e+02 3.994578461413978943e+01 6.473626611855107171e+01 1.291308430356416181e+01
3.219724181746746581e+02 4.130872071509656251e+01 6.462117275300676056e+01 1.434563771557132839e+01
3.286221677793920435e+02 4.254988675549499533e+01 6.837381934134056394e+01 1.047768309239739004e+01
3.352975085793283370e+02 4.348864754013469991e+01 6.513299665738523458e+01 8.297532600396786862e+00
3.419682853747040099e+02 4.423167857506675915e+01 6.828253925012685954e+01 6.563088098244331370e+00
3.489017390240791201e+02 4.479152411692182767e+01 7.038653373737614061e+01 4.633822738857038104e+00
3.558583192105492117e+02 4.541421967116375669e+01 6.874506999202625934e+01 7.820088345981491607e+00
3.628602207615034558e+02 4.613115374513718336e+01 7.129296102705896487e+01 6.518593133487005531e+00
3.695954792994419336e+02 4.718461420324484834e+01 6.341220973171026287e+01 1.455061602866628689e+01
3.757481185204885605e+02 4.847405754946082368e+01 5.964057468922288052e+01 1.123825089565324298e+01
3.820445651714359201e+02 4.958431625976079005e+01 6.628835832972400510e+01 1.096692331034617851e+01
3.885987886002436653e+02 5.079784806456992641e+01 6.479611024643148198e+01 1.330371278583646166e+01
3.949872881046065913e+02 5.241437834477891755e+01 6.297387984082773471e+01 1.902689281834336299e+01
4.010203508448162779e+02 5.432261652505233940e+01 5.768737496336606796e+01 1.913787078712516276e+01
4.065382274256940036e+02 5.614483877952058322e+01 5.267015665418890080e+01 1.730657430223966742e+01
4.118063386696998691e+02 5.781697564992399663e+01 5.269206822592754946e+01 1.613616310582864699e+01
4.175623717358956810e+02 5.927903648203214004e+01 6.242859309798823375e+01 1.310505353633427461e+01
4.240074282308709144e+02 6.035182700531051836e+01 6.647253680151732169e+01 8.350756929233146053e+00
4.305947107641096068e+02 6.088491623096809491e+01 6.527311386325659726e+01 2.311027583918496831e+00
4.372864680518163141e+02 6.131387565326362932e+01 6.856203189087646876e+01 6.268160861992199351e+00
4.442894327840443225e+02 6.194137504806503358e+01 7.149726275368453798e+01 6.281827034035933011e+00
4.516768799280465601e+02 6.257803811707606201e+01 7.625168012636089543e+01 6.451434346184706570e+00
4.588027633728023602e+02 6.340086323579255634e+01 6.626598876875472399e+01 1.000506802814526885e+01
4.655470909970592288e+02 6.384043402343380791e+01 6.862056371638385599e+01 -1.213652275320289853e+00
4.723905785144731340e+02 6.401878324915678320e+01 6.824918663189450285e+01 4.780636789779637574e+00
4.789411691970317975e+02 6.435896381337634864e+01 6.276262701927890930e+01 2.022974494611592622e+00
